Mapname:
lvl18.txt
Polygons:
([(500, 950), (1400, 950), (1400, 150), (500, 150)],0)
([(650, 350), (800, 350), (800, 300), (850, 300), (850, 400), (650, 400)],0)
([(800, 150), (850, 150), (850, 200), (800, 200)],0)
([(500, 650), (650, 650), (650, 700), (500, 700)],0)
([(1050, 800), (1050, 650), (1200, 650), (1200, 700), (1100, 700), (1100, 800)],0)
([(1150, 450), (1150, 350), (1200, 350), (1200, 450)],0)
([(850, 550), (950, 550), (950, 600), (850, 600)],0)
Units:
((700, 250), 0, 0, 1)
((1300, 850), 0, 8, 2)
Nodespacing: 50