Mapname:
lvl13.txt
Polygons:
([(550, 950), (1350, 950), (1350, 100), (550, 100)],0)
([(700, 250), (800, 250), (800, 300), (700, 300)],0)
([(900, 250), (1000, 250), (1000, 300), (900, 300)],0)
([(1100, 250), (1200, 250), (1200, 300), (1100, 300)],0)
([(700, 750), (800, 750), (800, 800), (700, 800)],0)
([(900, 750), (1000, 750), (1000, 800), (900, 800)],0)
([(1100, 750), (1200, 750), (1200, 800), (1100, 800)],0)
([(800, 500), (900, 500), (900, 550), (800, 550)],0)
([(1000, 500), (1100, 500), (1100, 550), (1000, 550)],0)
([(800, 250), (900, 250), (900, 300), (800, 300)],1)
([(1000, 250), (1100, 250), (1100, 300), (1000, 300)],1)
([(700, 500), (800, 500), (800, 550), (700, 550)],1)
([(900, 500), (1000, 500), (1000, 550), (900, 550)],1)
([(1100, 500), (1200, 500), (1200, 550), (1100, 550)],1)
([(800, 750), (900, 750), (900, 800), (800, 800)],1)
([(1000, 750), (1100, 750), (1100, 800), (1000, 800)],1)
Units:
((600, 550), 0, 0, 1)
((900, 200), 90, 4, 2)
((1050, 650), 270, 4, 2)
((750, 850), 270, 4, 2)
((1250, 150), 90, 3, 2)
((1300, 550), 180, 3, 2)
((1300, 900), 270, 3, 2)
Nodespacing: 50