Mapname:
lvl19.txt
Polygons:
([(550, 950), (1350, 950), (1350, 100), (550, 100)],0)
([(550, 750), (600, 750), (600, 800), (550, 800)],0)
([(700, 750), (800, 750), (800, 800), (700, 800)],0)
([(900, 750), (1000, 750), (1000, 800), (900, 800)],0)
([(1100, 750), (1200, 750), (1200, 800), (1100, 800)],0)
([(550, 250), (600, 250), (600, 300), (550, 300)],0)
([(700, 250), (800, 250), (800, 300), (700, 300)],0)
([(900, 250), (1000, 250), (1000, 300), (900, 300)],0)
([(1100, 250), (1200, 250), (1200, 300), (1100, 300)],0)
([(1200, 500), (1300, 500), (1300, 550), (1200, 550)],0)
([(1000, 500), (1100, 500), (1100, 550), (1000, 550)],0)
([(800, 500), (900, 500), (900, 550), (800, 550)],0)
([(600, 250), (700, 250), (700, 300), (600, 300)],1)
([(800, 250), (900, 250), (900, 300), (800, 300)],1)
([(1000, 250), (1100, 250), (1100, 300), (1000, 300)],1)
([(700, 500), (800, 500), (800, 550), (700, 550)],1)
([(900, 500), (1000, 500), (1000, 550), (900, 550)],1)
([(1100, 500), (1200, 500), (1200, 550), (1100, 550)],1)
([(1350, 500), (1350, 550), (1300, 550), (1300, 500)],1)
([(600, 750), (700, 750), (700, 800), (600, 800)],1)
([(800, 750), (900, 750), (900, 800), (800, 800)],1)
([(1000, 750), (1100, 750), (1100, 800), (1000, 800)],1)
Units:
((600, 850), 90, 0, 1)
((1200, 900), 270, 7, 2)
((1300, 700), 180, 7, 2)
((600, 550), 0, 7, 2)
((1050, 400), 90, 7, 2)
((1300, 400), 180, 7, 2)
((1200, 150), 90, 7, 2)
((900, 150), 90, 7, 2)
((600, 150), 90, 7, 2)
Nodespacing: 50