Mapname:
lvl11.txt
Polygons:
([(550, 950), (1350, 950), (1350, 100), (550, 100)],0)
([(750, 200), (800, 200), (800, 450), (750, 450)],0)
([(700, 400), (750, 400), (750, 650), (700, 650)],0)
([(800, 700), (900, 700), (900, 750), (800, 750)],0)
([(1100, 850), (1100, 600), (1150, 600), (1150, 850)],0)
([(1150, 650), (1150, 400), (1200, 400), (1200, 650)],0)
([(1000, 300), (1100, 300), (1100, 350), (1000, 350)],0)
([(750, 100), (800, 100), (800, 200), (750, 200)],1)
([(1100, 850), (1150, 850), (1150, 950), (1100, 950)],1)
([(700, 650), (750, 650), (750, 700), (700, 700)],1)
([(700, 700), (750, 700), (750, 750), (700, 750)],1)
([(750, 700), (800, 700), (800, 750), (750, 750)],1)
([(1100, 300), (1150, 300), (1150, 350), (1100, 350)],1)
([(1150, 300), (1200, 300), (1200, 350), (1150, 350)],1)
([(1150, 350), (1200, 350), (1200, 400), (1150, 400)],1)
Units:
((600, 200), 0, 0, 1)
((700, 800), 0, 2, 2)
((1150, 200), 90, 2, 2)
((850, 150), 90, 3, 2)
((1250, 900), 180, 3, 2)
((1300, 350), 180, 5, 2)
((900, 550), 0, 5, 2)
Nodespacing: 50