Mapname:
lvl14.txt
Polygons:
([(550, 950), (1350, 950), (1350, 100), (550, 100)],0)
([(1300, 250), (1350, 250), (1350, 300), (1300, 300)],0)
([(1200, 250), (1250, 250), (1250, 300), (1200, 300)],0)
([(1100, 250), (1150, 250), (1150, 300), (1100, 300)],0)
([(1000, 250), (1050, 250), (1050, 300), (1000, 300)],0)
([(950, 300), (750, 300), (750, 550), (850, 550), (850, 600), (700, 600), (700, 250), (950, 250)],0)
([(550, 750), (600, 750), (600, 800), (550, 800)],0)
([(650, 750), (700, 750), (700, 800), (650, 800)],0)
([(750, 750), (800, 750), (800, 800), (750, 800)],0)
([(850, 750), (900, 750), (900, 800), (850, 800)],0)
([(950, 750), (1150, 750), (1150, 500), (1050, 500), (1050, 450), (1200, 450), (1200, 800), (950, 800)],0)
([(1250, 250), (1300, 250), (1300, 300), (1250, 300)],1)
([(1150, 250), (1200, 250), (1200, 300), (1150, 300)],1)
([(600, 750), (650, 750), (650, 800), (600, 800)],1)
([(700, 750), (750, 750), (750, 800), (700, 800)],1)
([(950, 250), (1000, 250), (1000, 300), (950, 300)],2)
([(1050, 250), (1100, 250), (1100, 300), (1050, 300)],2)
([(800, 750), (850, 750), (850, 800), (800, 800)],2)
([(900, 750), (950, 750), (950, 800), (900, 800)],2)
([(1000, 450), (1050, 450), (1050, 500), (1000, 500)],0)
([(850, 550), (900, 550), (900, 600), (850, 600)],0)
Units:
((600, 850), 0, 0, 1)
((1250, 600), 180, 5, 2)
((650, 500), 0, 5, 2)
((1100, 150), 90, 5, 2)
((1250, 150), 90, 6, 2)
((1100, 650), 180, 6, 2)
((800, 400), 0, 6, 2)
Nodespacing: 50