Mapname:
lvl15.txt
Polygons:
([(550, 950), (1350, 950), (1350, 100), (550, 100)],0)
([(800, 800), (800, 600), (850, 600), (850, 800)],0)
([(700, 600), (750, 600), (750, 650), (700, 650)],0)
([(650, 450), (650, 250), (700, 250), (700, 450)],0)
([(750, 250), (800, 250), (800, 300), (750, 300)],0)
([(1050, 450), (1050, 250), (1100, 250), (1100, 450)],0)
([(1150, 450), (1150, 400), (1200, 400), (1200, 450)],0)
([(1200, 600), (1250, 600), (1250, 800), (1200, 800)],0)
([(1100, 750), (1150, 750), (1150, 800), (1100, 800)],0)
([(700, 250), (750, 250), (750, 300), (700, 300)],1)
([(800, 250), (850, 250), (850, 300), (800, 300)],1)
([(1100, 400), (1150, 400), (1150, 450), (1100, 450)],1)
([(1200, 400), (1250, 400), (1250, 450), (1200, 450)],1)
([(650, 600), (700, 600), (700, 650), (650, 650)],1)
([(750, 600), (800, 600), (800, 650), (750, 650)],1)
([(1050, 750), (1100, 750), (1100, 800), (1050, 800)],1)
([(1150, 800), (1150, 750), (1200, 750), (1200, 800)],1)
Units:
((600, 850), 0, 0, 1)
((750, 350), 0, 7, 2)
((1300, 850), 270, 7, 2)
((1250, 200), 180, 7, 2)
Nodespacing: 50