Mapname:
lvl21.txt
Polygons:
([(350, 950), (1550, 950), (1550, 150), (350, 150)],0)
([(750, 550), (750, 400), (800, 400), (800, 550)],0)
([(1000, 700), (1000, 550), (1050, 550), (1050, 700)],0)
([(750, 350), (800, 350), (800, 400), (750, 400)],1)
([(1000, 700), (1050, 700), (1050, 750), (1000, 750)],1)
([(800, 500), (850, 500), (850, 550), (800, 550)],2)
([(950, 550), (1000, 550), (1000, 600), (950, 600)],2)
([(500, 650), (500, 450), (550, 450), (550, 650)],0)
([(1350, 650), (1350, 450), (1400, 450), (1400, 650)],0)
([(500, 300), (1450, 300), (1450, 350), (500, 350)],0)
([(500, 750), (1450, 750), (1450, 800), (500, 800)],0)
([(1450, 300), (1550, 300), (1550, 350), (1450, 350)],1)
([(1450, 750), (1550, 750), (1550, 800), (1450, 800)],1)
([(1150, 950), (1150, 900), (1200, 950)],0)
([(1150, 800), (1250, 800), (1250, 850)],0)
([(1150, 300), (1250, 250), (1250, 300)],0)
([(1150, 150), (1200, 150), (1150, 200)],0)
Units:
((400, 550), 0, 0, 1)
((850, 400), 0, 6, 2)
((950, 700), 180, 6, 2)
((1500, 400), 180, 7, 2)
((1500, 700), 180, 7, 2)
((1300, 550), 180, 5, 2)
((1500, 200), 180, 6, 2)
((1500, 900), 180, 6, 2)
Nodespacing: 50