Mapname:
lvl26.txt
Polygons:
([(450, 900), (1450, 900), (1450, 150), (450, 150)],0)
([(550, 450), (600, 450), (600, 250), (650, 250), (650, 350), (700, 350), (700, 400), (650, 400), (650, 500), (550, 500)],0)
([(450, 600), (550, 600), (550, 650), (450, 650)],0)
([(650, 600), (750, 600), (750, 650), (650, 650)],0)
([(800, 750), (900, 750), (900, 650), (950, 650), (950, 800), (800, 800)],0)
([(900, 550), (800, 550), (800, 450), (850, 450), (850, 500), (900, 500)],0)
([(800, 350), (800, 300), (900, 300), (900, 250), (950, 250), (950, 300), (1050, 300), (1050, 350)],0)
([(1050, 650), (1050, 450), (1250, 450), (1250, 800), (1200, 800), (1200, 500), (1100, 500), (1100, 650)],0)
([(1250, 350), (1250, 250), (1350, 250), (1350, 350)],0)
([(1250, 650), (1350, 650), (1350, 700), (1250, 700)],0)
([(1050, 900), (1050, 800), (1100, 800), (1100, 900)],0)
([(600, 900), (600, 750), (650, 750), (650, 900)],0)
([(550, 600), (650, 600), (650, 650), (550, 650)],2)
([(750, 600), (950, 600), (950, 650), (750, 650)],2)
([(800, 300), (800, 150), (850, 150), (850, 300)],2)
([(650, 450), (800, 450), (800, 500), (650, 500)],2)
([(800, 550), (900, 550), (900, 600), (800, 600)],1)
([(1050, 350), (1100, 350), (1100, 450), (1050, 450)],1)
([(1050, 300), (1100, 300), (1100, 350), (1050, 350)],2)
([(1200, 900), (1200, 800), (1250, 800), (1250, 900)],2)
Units:
((500, 850), 270, 0, 1)
((850, 700), 180, 1, 2)
((500, 200), 90, 2, 2)
((1400, 200), 90, 3, 2)
((1100, 250), 90, 4, 2)
((1150, 550), 90, 6, 2)
((1400, 850), 180, 7, 2)
((750, 200), 90, 5, 2)
Nodespacing: 50