Mapname:
lvl27.txt
Polygons:
([(450, 900), (1450, 900), (1450, 150), (450, 150)],0)
([(550, 250), (600, 250), (600, 300), (550, 300)],0)
([(1300, 250), (1350, 250), (1350, 300), (1300, 300)],0)
([(1300, 800), (1350, 800), (1350, 850), (1300, 850)],0)
([(550, 800), (600, 800), (600, 850), (550, 850)],0)
([(650, 350), (700, 350), (700, 400), (650, 400)],0)
([(1200, 350), (1250, 350), (1250, 400), (1200, 400)],0)
([(1200, 750), (1250, 750), (1250, 800), (1200, 800)],0)
([(650, 700), (700, 700), (700, 750), (650, 750)],0)
([(750, 600), (800, 600), (800, 650), (750, 650)],0)
([(750, 450), (800, 450), (800, 500), (750, 500)],0)
([(1100, 450), (1150, 450), (1150, 500), (1100, 500)],0)
([(1100, 600), (1150, 600), (1150, 650), (1100, 650)],0)
([(900, 500), (1000, 500), (1000, 600), (900, 600)],0)
([(600, 300), (650, 300), (650, 350), (600, 350)],1)
([(700, 400), (750, 400), (750, 450), (700, 450)],1)
([(700, 650), (750, 650), (750, 700), (700, 700)],1)
([(600, 750), (650, 750), (650, 800), (600, 800)],1)
([(800, 500), (850, 500), (850, 600), (800, 600)],1)
([(550, 150), (700, 150), (700, 200), (550, 200)],0)
Units:
((500, 550), 0, 0, 1)
((1400, 550), 180, 6, 2)
((950, 200), 90, 6, 2)
((950, 850), 270, 6, 2)
((800, 700), 45, 7, 2)
((800, 400), 315, 7, 2)
((1400, 250), 90, 5, 2)
((1400, 850), 270, 5, 2)
Nodespacing: 50