Mapname:
lvl23.txt
Polygons:
([(350, 950), (1550, 950), (1550, 150), (350, 150)],0)
([(350, 700), (500, 700), (500, 850), (450, 850), (450, 750), (350, 750)],0)
([(650, 950), (650, 850), (700, 850), (700, 950)],0)
([(950, 950), (950, 700), (800, 700), (800, 650), (1000, 650), (1000, 950)],0)
([(650, 650), (650, 400), (450, 400), (450, 350), (900, 350), (900, 400), (700, 400), (700, 650)],0)
([(1300, 300), (1350, 300), (1350, 400), (1450, 400), (1450, 450), (1300, 450)],0)
([(1100, 150), (1150, 150), (1150, 350), (1100, 350)],0)
([(1100, 600), (1350, 600), (1350, 650), (1100, 650)],0)
([(450, 600), (650, 600), (650, 650), (450, 650)],0)
([(350, 600), (450, 600), (450, 650), (350, 650)],1)
([(600, 250), (600, 150), (650, 150), (650, 250)],0)
([(800, 350), (800, 250), (850, 250), (850, 350)],0)
([(850, 450), (900, 450), (900, 550), (850, 550)],0)
([(850, 550), (900, 550), (900, 650), (850, 650)],2)
([(1250, 750), (1400, 750), (1400, 800), (1300, 800), (1300, 950), (1250, 950)],0)
([(1000, 450), (1200, 450), (1200, 500), (1000, 500)],0)
([(1300, 650), (1350, 650), (1350, 750), (1300, 750)],1)
([(650, 700), (700, 700), (700, 850), (650, 850)],1)
Units:
((400, 800), 90, 0, 1)
((750, 900), 270, 6, 2)
((900, 750), 180, 6, 2)
((600, 450), 180, 6, 2)
((400, 200), 90, 6, 2)
((1050, 200), 90, 6, 2)
((1450, 300), 180, 6, 2)
((1400, 900), 270, 6, 2)
((1150, 900), 270, 6, 2)
Nodespacing: 50