Mapname:
lvl28.txt
Polygons:
([(450, 900), (1450, 900), (1450, 150), (450, 150)],0)
([(900, 150), (950, 150), (950, 300), (900, 300)],0)
([(900, 750), (950, 750), (950, 900), (900, 900)],0)
([(1100, 350), (1150, 350), (1150, 450), (1100, 450)],0)
([(1100, 600), (1150, 600), (1150, 700), (1100, 700)],0)
([(900, 300), (950, 300), (950, 750), (900, 750)],2)
([(700, 350), (750, 350), (750, 450), (700, 450)],0)
([(700, 600), (750, 600), (750, 700), (700, 700)],0)
Units:
((500, 500), 270, 0, 1)
((1400, 200), 180, 8, 2)
((1400, 850), 180, 8, 2)
((1400, 400), 180, 3, 2)
((1400, 650), 180, 3, 2)
((1000, 200), 90, 3, 2)
((1000, 850), 270, 3, 2)
((1200, 400), 0, 3, 2)
((1200, 650), 0, 3, 2)
Nodespacing: 50