Mapname:
lvl2.txt
Polygons:
([(550, 900), (1350, 900), (1350, 200), (550, 200)],0)
([(700, 400), (1000, 400), (1000, 450), (700, 450)],0)
([(1200, 700), (900, 700), (900, 650), (1200, 650)],0)
([(1000, 400), (1050, 400), (1050, 450), (1000, 450)],1)
([(1050, 400), (1100, 400), (1100, 450), (1050, 450)],1)
([(1100, 400), (1150, 400), (1150, 450), (1100, 450)],1)
([(850, 650), (900, 650), (900, 700), (850, 700)],1)
([(800, 650), (850, 650), (850, 700), (800, 700)],1)
([(750, 650), (800, 650), (800, 700), (750, 700)],1)
Units:
((600, 750), 0, 0, 1)
((1300, 350), 180, 2, 2)
Nodespacing: 50