Mapname:
lvl25.txt
Polygons:
([(450, 900), (1450, 900), (1450, 150), (450, 150)],0)
([(600, 250), (800, 250), (800, 300), (650, 300), (650, 450), (600, 450)],0)
([(600, 800), (600, 600), (650, 600), (650, 750), (800, 750), (800, 800)],0)
([(1300, 250), (1300, 450), (1250, 450), (1250, 300), (1100, 300), (1100, 250)],0)
([(1300, 600), (1300, 800), (1100, 800), (1100, 750), (1250, 750), (1250, 600)],0)
([(900, 400), (1000, 400), (1000, 650), (900, 650)],0)
([(800, 250), (1100, 250), (1100, 300), (800, 300)],2)
([(600, 450), (650, 450), (650, 600), (600, 600)],2)
([(1250, 450), (1300, 450), (1300, 600), (1250, 600)],2)
([(800, 750), (1100, 750), (1100, 800), (800, 800)],2)
([(450, 600), (550, 600), (550, 650), (450, 650)],0)
([(750, 800), (800, 800), (800, 850), (750, 850)],0)
Units:
((500, 850), 315, 0, 1)
((500, 200), 90, 5, 2)
((1400, 850), 180, 5, 2)
((1400, 200), 135, 5, 2)
((700, 350), 45, 6, 2)
((700, 700), 333, 6, 2)
((1200, 350), 180, 7, 2)
((1200, 700), 180, 7, 2)
Nodespacing: 50