Mapname:
lvl22.txt
Polygons:
([(350, 950), (1550, 950), (1550, 150), (350, 150)],0)
([(450, 700), (600, 700), (600, 850), (550, 850), (550, 750), (450, 750)],0)
([(600, 700), (900, 700), (900, 750), (600, 750)],2)
([(950, 750), (950, 450), (1000, 450), (1000, 750)],2)
([(750, 400), (750, 350), (1200, 350), (1200, 400)],2)
([(1100, 600), (1300, 600), (1300, 650), (1100, 650)],2)
([(1150, 850), (1150, 750), (1200, 750), (1200, 850), (1300, 850), (1300, 900), (1150, 900)],0)
([(600, 400), (600, 250), (750, 250), (750, 300), (650, 300), (650, 400)],0)
([(1250, 500), (1350, 500), (1350, 400), (1400, 400), (1400, 550), (1250, 550)],0)
([(1050, 700), (1100, 700), (1100, 950), (1050, 950)],2)
Units:
((500, 800), 0, 0, 1)
((1500, 200), 180, 3, 2)
((400, 200), 0, 3, 2)
((1500, 900), 180, 3, 2)
((1300, 450), 180, 2, 2)
((700, 350), 0, 2, 2)
((1250, 800), 0, 2, 2)
((650, 800), 0, 4, 2)
((550, 650), 270, 4, 2)
((1050, 250), 90, 5, 2)
Nodespacing: 50