Mapname:
lvl29.txt
Polygons:
([(450, 950), (1450, 950), (1450, 150), (450, 150)],0)
([(450, 800), (550, 800), (550, 850), (450, 850)],0)
([(650, 800), (750, 800), (750, 850), (650, 850)],0)
([(850, 800), (950, 800), (950, 850), (850, 850)],0)
([(1050, 800), (1150, 800), (1150, 850), (1050, 850)],0)
([(1250, 800), (1350, 800), (1350, 850), (1250, 850)],0)
([(550, 700), (550, 600), (600, 600), (600, 700)],0)
([(600, 500), (600, 400), (650, 400), (650, 500)],0)
([(750, 700), (750, 600), (800, 600), (800, 700)],0)
([(800, 500), (800, 400), (850, 400), (850, 500)],0)
([(950, 700), (950, 600), (1000, 600), (1000, 700)],0)
([(1000, 500), (1000, 400), (1050, 400), (1050, 500)],0)
([(1150, 700), (1150, 600), (1200, 600), (1200, 700)],0)
([(1200, 500), (1200, 400), (1250, 400), (1250, 500)],0)
([(1350, 700), (1350, 600), (1400, 600), (1400, 700)],0)
([(1400, 500), (1400, 400), (1450, 400), (1450, 500)],0)
([(650, 250), (700, 250), (700, 300), (650, 300)],0)
([(850, 250), (900, 250), (900, 300), (850, 300)],0)
([(1050, 250), (1100, 250), (1100, 300), (1050, 300)],0)
([(1250, 250), (1300, 250), (1300, 300), (1250, 300)],0)
([(450, 250), (500, 250), (500, 300), (450, 300)],0)
Units:
((500, 900), 0, 0, 1)
((1400, 200), 90, 3, 2)
((1300, 200), 90, 3, 2)
((500, 200), 90, 3, 2)
((600, 200), 90, 3, 2)
((700, 200), 90, 3, 2)
((1200, 200), 90, 3, 2)
((1100, 200), 90, 3, 2)
((800, 200), 90, 3, 2)
((900, 200), 90, 3, 2)
((1000, 200), 90, 3, 2)
Nodespacing: 50