Mapname:
lvl32.txt
Polygons:
([(450, 950), (1450, 950), (1450, 150), (450, 150)],0)
([(450, 400), (600, 550), (450, 550)],0)
([(650, 400), (650, 300), (700, 300), (700, 400)],0)
([(900, 300), (1050, 300), (1050, 450), (1000, 450), (1000, 350), (900, 350)],0)
([(550, 550), (600, 550), (600, 600)],0)
([(750, 550), (900, 550), (900, 700), (850, 700), (850, 600), (750, 600)],0)
([(850, 800), (1050, 800), (1050, 850), (850, 850)],0)
([(1200, 850), (1200, 650), (1250, 650), (1250, 850)],0)
([(1050, 800), (1200, 800), (1200, 850), (1050, 850)],2)
([(850, 700), (900, 700), (900, 800), (850, 800)],2)
([(450, 350), (650, 350), (650, 400), (450, 400)],2)
([(700, 300), (900, 300), (900, 350), (700, 350)],2)
([(1000, 300), (1000, 150), (1050, 150), (1050, 300)],2)
([(750, 550), (750, 500), (800, 500), (800, 550)],1)
([(650, 400), (700, 400), (700, 450), (650, 450)],1)
([(700, 400), (750, 400), (750, 450), (700, 450)],1)
([(750, 450), (800, 450), (800, 500), (750, 500)],1)
([(750, 400), (800, 400), (800, 450), (750, 450)],0)
Units:
((500, 600), 0, 0, 1)
((500, 200), 90, 6, 2)
((950, 200), 90, 5, 2)
((1400, 200), 123, 11, 2)
((1400, 900), 180, 2, 2)
Nodespacing: 50