Mapname:
lvl37.txt
Polygons:
([(450, 950), (1450, 950), (1450, 150), (450, 150)],0)
([(600, 300), (1300, 300), (1300, 350), (600, 350)],0)
([(600, 750), (1300, 750), (1300, 800), (600, 800)],0)
([(950, 850), (1000, 850), (1000, 950), (950, 950)],0)
([(1150, 800), (1200, 800), (1200, 900), (1150, 900)],0)
([(750, 800), (800, 800), (800, 900), (750, 900)],0)
([(1150, 300), (1150, 200), (1200, 200), (1200, 300)],0)
([(950, 150), (1000, 150), (1000, 250), (950, 250)],0)
([(750, 300), (750, 200), (800, 200), (800, 300)],0)
([(950, 450), (1000, 450), (1000, 650), (950, 650)],0)
([(1100, 450), (1100, 350), (1150, 350), (1150, 450)],0)
([(1100, 750), (1100, 650), (1150, 650), (1150, 750)],0)
([(800, 750), (800, 650), (850, 650), (850, 750)],0)
([(800, 450), (800, 350), (850, 350), (850, 450)],0)
([(650, 350), (700, 350), (700, 500), (650, 500)],2)
([(650, 600), (700, 600), (700, 750), (650, 750)],2)
Units:
((500, 400), 45, 0, 1)
((1400, 400), 180, 12, 2)
((1400, 700), 180, 12, 2)
((1400, 500), 180, 13, 2)
((1400, 600), 180, 13, 2)
((1400, 200), 180, 6, 2)
((1400, 900), 180, 6, 2)
((900, 250), 180, 7, 2)
((900, 850), 180, 7, 2)
Nodespacing: 50