Mapname:
lvl36.txt
Polygons:
([(450, 950), (1450, 950), (1450, 150), (450, 150)],0)
([(600, 650), (750, 650), (750, 800), (700, 800), (700, 700), (600, 700)],0)
([(1150, 300), (1200, 300), (1200, 400), (1300, 400), (1300, 450), (1150, 450)],0)
([(800, 850), (850, 850), (850, 900), (800, 900)],2)
([(500, 600), (550, 600), (550, 650), (500, 650)],2)
([(600, 550), (650, 550), (650, 600), (600, 600)],2)
([(900, 800), (900, 750), (950, 750), (950, 800)],2)
([(800, 700), (800, 650), (850, 650), (850, 700)],2)
([(1000, 850), (1050, 850), (1050, 900), (1000, 900)],2)
([(500, 450), (550, 450), (550, 500), (500, 500)],2)
([(700, 450), (800, 450), (800, 500), (900, 500), (900, 550), (750, 550), (750, 500), (700, 500)],2)
([(1050, 800), (1050, 700), (1100, 700), (1100, 800)],2)
([(1000, 600), (1100, 600), (1100, 650), (1000, 650)],2)
([(600, 300), (650, 300), (650, 350), (600, 350)],2)
Units:
((650, 750), 90, 0, 1)
((1400, 450), 90, 13, 2)
((1150, 200), 180, 13, 2)
Nodespacing: 50