Mapname:
lvl35.txt
Polygons:
([(300, 950), (1600, 950), (1600, 150), (300, 150)],0)
([(550, 350), (550, 300), (750, 300), (750, 250), (800, 250), (800, 350)],0)
([(950, 350), (950, 300), (1150, 300), (1150, 350)],0)
([(1250, 300), (1300, 300), (1300, 250), (1350, 250), (1350, 350), (1250, 350)],0)
([(1150, 300), (1250, 300), (1250, 350), (1150, 350)],2)
([(400, 650), (450, 650), (450, 750), (650, 750), (650, 800), (400, 800)],0)
([(950, 800), (1000, 800), (1000, 700), (1150, 700), (1150, 750), (1050, 750), (1050, 850), (950, 850)],0)
([(1350, 750), (1350, 650), (1450, 650), (1450, 700), (1400, 700), (1400, 750)],0)
([(650, 950), (700, 900), (700, 950), (750, 900), (750, 950), (800, 900), (800, 950), (850, 900), (850, 950)],0)
([(1200, 950), (1250, 900), (1250, 950), (1300, 900), (1300, 950), (1350, 900), (1350, 950), (1400, 900), (1400, 950)],0)
([(1600, 550), (1550, 500), (1600, 500), (1550, 450), (1600, 450), (1550, 400), (1600, 400), (1550, 350), (1600, 350), (1550, 300), (1600, 300)],0)
([(300, 350), (350, 400), (300, 400), (350, 450), (300, 450), (350, 500), (300, 500), (350, 550), (300, 550)],0)
([(1000, 700), (1050, 650), (1050, 700), (1100, 650), (1100, 700), (1150, 650), (1150, 700)],0)
([(550, 750), (600, 700), (600, 750), (650, 700), (650, 750)],0)
([(950, 350), (1000, 350), (1000, 550), (850, 550), (850, 700), (800, 700), (800, 500), (950, 500)],0)
Units:
((700, 200), 90, 0, 1)
((350, 900), 315, 9, 2)
((1550, 900), 225, 9, 2)
Nodespacing: 50