Mapname:
lvl3.txt
Polygons:
([(550, 900), (1350, 900), (1350, 150), (550, 150)],0)
([(1150, 750), (1250, 750), (1250, 800), (1150, 800)],0)
([(650, 250), (750, 250), (750, 300), (650, 300)],0)
([(950, 250), (1000, 250), (1000, 550), (950, 550)],0)
([(900, 500), (950, 500), (950, 800), (900, 800)],0)
([(750, 250), (800, 250), (800, 300), (750, 300)],1)
([(800, 250), (850, 250), (850, 300), (800, 300)],1)
([(850, 250), (900, 250), (900, 300), (850, 300)],1)
([(900, 250), (950, 250), (950, 300), (900, 300)],1)
([(950, 750), (1000, 750), (1000, 800), (950, 800)],1)
([(1000, 750), (1050, 750), (1050, 800), (1000, 800)],1)
([(1050, 750), (1100, 750), (1100, 800), (1050, 800)],1)
([(1100, 750), (1150, 750), (1150, 800), (1100, 800)],1)
Units:
((600, 550), 0, 0, 1)
((700, 200), 90, 2, 2)
((1200, 850), 270, 2, 2)
((1300, 550), 180, 1, 2)
Nodespacing: 50