Mapname:
lvl34.txt
Polygons:
([(450, 950), (1450, 950), (1450, 150), (450, 150)],0)
([(450, 700), (600, 700), (600, 750), (450, 750)],0)
([(750, 750), (750, 550), (800, 550), (800, 700), (950, 700), (950, 750)],0)
([(900, 850), (950, 850), (950, 950), (900, 950)],0)
([(600, 700), (750, 700), (750, 750), (600, 750)],2)
([(1050, 700), (1150, 700), (1150, 550), (1200, 550), (1200, 700), (1300, 700), (1300, 750), (1050, 750)],0)
([(1150, 450), (1150, 300), (1000, 300), (1000, 250), (1200, 250), (1200, 450)],0)
([(950, 700), (1050, 700), (1050, 750), (950, 750)],1)
([(1150, 550), (1150, 450), (1200, 450), (1200, 550)],1)
([(800, 300), (800, 200), (850, 200), (850, 300)],0)
([(950, 550), (1000, 550), (1000, 500), (1050, 500), (1050, 600), (950, 600)],0)
([(600, 400), (800, 400), (800, 450), (600, 450)],0)
([(750, 450), (800, 450), (800, 550), (750, 550)],2)
([(800, 150), (850, 150), (850, 200), (800, 200)],2)
Units:
((500, 900), 0, 0, 1)
((1400, 800), 180, 11, 2)
((1400, 200), 90, 11, 2)
((500, 200), 0, 11, 2)
((1100, 350), 180, 12, 2)
((850, 650), 0, 12, 2)
((1100, 650), 180, 12, 2)
((1300, 450), 90, 7, 2)
((1400, 450), 90, 7, 2)
((850, 900), 180, 4, 2)
Nodespacing: 50