Mapname:
lvl33.txt
Polygons:
([(450, 950), (1450, 950), (1450, 150), (450, 150)],0)
([(650, 600), (850, 600), (850, 750), (950, 750), (950, 800), (800, 800), (800, 650), (650, 650)],0)
([(850, 500), (850, 300), (1200, 300), (1200, 500), (1150, 500), (1150, 350), (900, 350), (900, 500)],0)
([(1000, 650), (1000, 450), (1050, 450), (1050, 650)],0)
([(1150, 850), (1150, 700), (1200, 700), (1200, 850)],0)
([(600, 400), (600, 250), (650, 250), (650, 400)],0)
([(600, 850), (600, 800), (650, 800), (650, 850)],0)
([(1000, 650), (1200, 650), (1200, 700), (1000, 700)],2)
([(1000, 300), (1000, 250), (1050, 250), (1050, 300)],2)
([(1150, 200), (1150, 150), (1200, 150), (1200, 200)],2)
([(800, 200), (800, 150), (850, 150), (850, 200)],2)
([(650, 450), (700, 450), (700, 500), (650, 500)],2)
([(650, 800), (700, 800), (700, 850), (650, 850)],2)
([(600, 800), (600, 750), (650, 750), (650, 800)],2)
([(600, 850), (650, 850), (650, 900), (600, 900)],2)
([(550, 800), (600, 800), (600, 850), (550, 850)],2)
Units:
((500, 600), 0, 0, 1)
((650, 200), 90, 12, 2)
((1050, 900), 180, 12, 2)
((1400, 200), 180, 11, 2)
((1400, 900), 180, 12, 2)
((1400, 350), 180, 12, 2)
((1400, 550), 180, 12, 2)
Nodespacing: 50