Mapname:
lvl45.txt
Polygons:
([(350, 950), (1550, 950), (1550, 150), (350, 150)],0)
([(450, 550), (950, 550), (950, 700), (900, 700), (900, 600), (450, 600)],0)
([(1100, 850), (1100, 450), (1150, 450), (1150, 850)],0)
([(650, 450), (650, 350), (550, 350), (550, 300), (800, 300), (800, 350), (700, 350), (700, 450)],0)
([(1200, 250), (1350, 250), (1350, 400), (1300, 400), (1300, 300), (1200, 300)],0)
([(1250, 700), (1400, 700), (1400, 750), (1250, 750)],0)
([(350, 700), (450, 700), (450, 750), (350, 750)],0)
([(850, 850), (850, 800), (900, 800), (900, 850)],0)
([(900, 850), (900, 700), (950, 700), (950, 850)],2)
([(1150, 700), (1250, 700), (1250, 750), (1150, 750)],2)
([(900, 400), (1000, 400), (1000, 450), (900, 450)],0)
([(1400, 500), (1500, 500), (1500, 550), (1400, 550)],0)
([(350, 300), (400, 300), (400, 350), (350, 350)],0)
Units:
((400, 900), 0, 0, 1)
((1500, 200), 180, 16, 2)
((400, 200), 0, 16, 2)
((950, 200), 90, 16, 2)
Nodespacing: 50