Mapname:
lvl41.txt
Polygons:
([(450, 950), (1450, 950), (1450, 150), (450, 150)],0)
([(600, 300), (650, 300), (650, 600), (850, 600), (850, 650), (650, 650), (650, 800), (600, 800)],0)
([(800, 250), (850, 250), (850, 350), (800, 350)],0)
([(800, 450), (1000, 450), (1000, 500), (800, 500)],0)
([(850, 600), (1000, 600), (1000, 650), (850, 650)],2)
([(1000, 600), (1150, 600), (1150, 350), (1300, 350), (1300, 400), (1200, 400), (1200, 650), (1000, 650)],0)
([(1000, 250), (1050, 250), (1050, 350), (1000, 350)],0)
([(1000, 250), (1000, 150), (1050, 150), (1050, 250)],2)
([(800, 450), (800, 350), (850, 350), (850, 450)],2)
([(450, 400), (500, 400), (500, 450), (450, 450)],0)
([(550, 650), (600, 650), (600, 700), (550, 700)],0)
([(1050, 850), (1050, 750), (1100, 750), (1100, 850)],0)
([(1050, 750), (1050, 650), (1100, 650), (1100, 750)],2)
([(800, 750), (800, 650), (850, 650), (850, 750)],0)
([(1250, 950), (1250, 900), (1300, 900), (1300, 950)],0)
([(1450, 950), (1400, 900), (1450, 900), (1400, 850), (1450, 850), (1400, 800), (1450, 800), (1400, 750), (1450, 750), (1400, 700), (1450, 700), (1400, 650), (1450, 650)],0)
([(1150, 600), (1100, 550), (1150, 550), (1100, 500), (1150, 500), (1100, 450), (1150, 450)],0)
([(650, 450), (700, 450), (650, 500), (700, 500), (650, 550), (700, 550), (650, 600)],0)
([(450, 950), (500, 900), (500, 950), (550, 900), (550, 950), (600, 900), (600, 950)],0)
([(450, 150), (600, 150), (600, 200), (550, 150), (550, 200), (500, 150), (500, 200)],0)
Units:
((500, 750), 0, 0, 1)
((950, 200), 90, 9, 2)
((1400, 550), 180, 9, 2)
((1400, 200), 180, 14, 2)
((1100, 200), 90, 14, 2)
Nodespacing: 50