Mapname:
lvl40.txt
Polygons:
([(450, 950), (1450, 950), (1450, 150), (450, 150)],0)
([(450, 800), (700, 800), (700, 700), (850, 700), (850, 750), (750, 750), (750, 850), (450, 850)],0)
([(950, 700), (1050, 700), (1050, 750), (950, 750)],0)
([(1150, 600), (1200, 600), (1200, 800), (1150, 800)],0)
([(1100, 450), (1300, 450), (1300, 500), (1100, 500)],0)
([(1250, 300), (1450, 300), (1450, 350), (1250, 350)],0)
([(850, 700), (950, 700), (950, 750), (850, 750)],2)
([(1050, 700), (1150, 700), (1150, 750), (1050, 750)],2)
([(1300, 450), (1450, 450), (1450, 500), (1300, 500)],2)
([(1000, 450), (1000, 500), (850, 500), (850, 400), (650, 400), (650, 550), (600, 550), (600, 650), (550, 650), (550, 500), (600, 500), (600, 350), (900, 350), (900, 450)],0)
([(1000, 450), (1100, 450), (1100, 500), (1000, 500)],2)
([(1100, 450), (1100, 250), (1150, 250), (1150, 450)],0)
([(1100, 250), (1100, 150), (1150, 150), (1150, 250)],2)
([(650, 250), (650, 150), (700, 150), (700, 250)],0)
([(850, 350), (850, 300), (900, 300), (900, 350)],0)
([(450, 350), (500, 350), (500, 400), (450, 400)],0)
([(800, 700), (800, 600), (850, 600), (850, 700)],0)
([(1000, 300), (1100, 300), (1100, 350), (1000, 350)],0)
([(1000, 950), (1000, 900), (1050, 900), (1050, 950)],0)
([(1300, 950), (1300, 900), (1350, 900), (1350, 950)],0)
([(1300, 800), (1300, 750), (1350, 750), (1350, 800)],0)
Units:
((500, 900), 0, 0, 1)
((1400, 400), 90, 11, 2)
((950, 200), 90, 11, 2)
((600, 200), 90, 11, 2)
((700, 450), 90, 11, 2)
((1050, 400), 180, 14, 2)
((1050, 250), 180, 14, 2)
((500, 750), 0, 14, 2)
((1200, 550), 0, 14, 2)
((800, 450), 90, 13, 2)
((500, 200), 90, 13, 2)
((1400, 850), 180, 12, 2)
((1400, 600), 90, 12, 2)
Nodespacing: 50