Mapname:
lvl46.txt
Polygons:
([(350, 950), (1550, 950), (1550, 150), (350, 150)],0)
([(800, 400), (900, 400), (900, 450), (800, 450)],2)
([(1000, 400), (1100, 400), (1100, 450), (1000, 450)],2)
([(1000, 600), (1100, 600), (1100, 650), (1000, 650)],2)
([(800, 600), (900, 600), (900, 650), (800, 650)],2)
([(750, 650), (750, 400), (800, 400), (800, 650)],0)
([(900, 400), (1000, 400), (1000, 450), (900, 450)],0)
([(1100, 400), (1150, 400), (1150, 650), (1100, 650)],0)
([(900, 600), (1000, 600), (1000, 650), (900, 650)],0)
([(500, 250), (600, 250), (600, 400), (650, 400), (650, 450), (550, 450), (550, 300), (500, 300)],0)
([(500, 600), (550, 600), (550, 750), (750, 750), (750, 800), (500, 800)],0)
([(1150, 750), (1300, 750), (1300, 550), (1350, 550), (1350, 800), (1150, 800)],0)
([(750, 750), (900, 750), (900, 850), (850, 850), (850, 800), (750, 800)],2)
([(1000, 750), (1150, 750), (1150, 800), (1050, 800), (1050, 850), (1000, 850)],2)
([(1150, 950), (1150, 850), (1200, 850), (1200, 950)],2)
([(500, 950), (500, 900), (550, 900), (550, 950)],0)
([(750, 250), (1150, 250), (1150, 300), (750, 300)],0)
([(1250, 350), (1350, 350), (1350, 250), (1450, 250), (1450, 300), (1400, 300), (1400, 400), (1250, 400)],0)
([(1300, 400), (1350, 400), (1350, 450), (1300, 450)],2)
([(350, 650), (400, 650), (400, 700), (350, 700)],0)
([(650, 650), (650, 600), (750, 600), (750, 650)],0)
Units:
((400, 900), 270, 0, 1)
((850, 500), 90, 16, 2)
((1050, 500), 90, 16, 2)
((1500, 200), 180, 17, 2)
((1500, 900), 180, 15, 2)
((650, 350), 270, 15, 2)
Nodespacing: 50