Mapname:
lvl44.txt
Polygons:
([(350, 950), (1550, 950), (1550, 150), (350, 150)],0)
([(500, 300), (800, 300), (800, 500), (1100, 500), (1100, 750), (1050, 750), (1050, 550), (750, 550), (750, 350), (500, 350)],0)
([(450, 800), (650, 800), (650, 600), (700, 600), (700, 850), (450, 850)],0)
([(1050, 400), (1300, 400), (1300, 300), (1350, 300), (1350, 450), (1050, 450)],0)
([(1050, 450), (1100, 450), (1100, 500), (1050, 500)],2)
([(650, 550), (800, 550), (800, 600), (650, 600)],2)
([(1450, 350), (1550, 350), (1550, 400), (1450, 400)],0)
([(1050, 950), (1050, 900), (1100, 900), (1100, 950)],0)
([(1100, 150), (1150, 150), (1150, 250), (1100, 250)],0)
Units:
((400, 200), 45, 0, 1)
((1500, 900), 180, 17, 2)
((1500, 200), 180, 17, 2)
((750, 750), 0, 17, 2)
Nodespacing: 50