Mapname:
lvl42.txt
Polygons:
([(350, 950), (1550, 950), (1550, 150), (350, 150)],0)
([(350, 150), (600, 150), (550, 200), (450, 200), (400, 250), (400, 350), (350, 400)],0)
([(1300, 150), (1550, 150), (1550, 400), (1500, 350), (1500, 250), (1450, 200), (1350, 200)],0)
([(350, 700), (400, 750), (400, 850), (450, 900), (550, 900), (600, 950), (350, 950)],0)
([(1300, 950), (1350, 900), (1450, 900), (1500, 850), (1500, 750), (1550, 700), (1550, 950)],0)
([(500, 350), (550, 300), (600, 350), (550, 400)],0)
([(1350, 300), (1400, 350), (1350, 400), (1300, 350)],0)
([(500, 750), (550, 700), (600, 750), (550, 800)],0)
([(1350, 700), (1400, 750), (1350, 800), (1300, 750)],0)
([(500, 550), (550, 500), (1350, 500), (1400, 550), (1350, 600), (550, 600)],0)
([(700, 350), (750, 300), (800, 350), (750, 400)],0)
([(1200, 350), (1150, 400), (1100, 350), (1150, 300)],0)
([(700, 750), (750, 700), (800, 750), (750, 800)],0)
([(1200, 750), (1150, 800), (1100, 750), (1150, 700)],0)
([(900, 750), (950, 700), (1000, 750), (950, 800)],0)
([(900, 350), (950, 300), (1000, 350), (950, 400)],0)
Units:
((400, 550), 0, 0, 1)
((1300, 200), 180, 13, 2)
((950, 200), 0, 13, 2)
((950, 900), 0, 13, 2)
((1250, 900), 180, 13, 2)
((1500, 550), 180, 8, 2)
Nodespacing: 50