Mapname:
lvl47.txt
Polygons:
([(350, 950), (1550, 950), (1550, 150), (350, 150)],0)
([(1250, 500), (1350, 600), (1250, 600)],0)
([(1200, 150), (1400, 150), (1400, 250)],0)
([(1350, 500), (1350, 350), (1550, 350), (1550, 400), (1400, 400), (1400, 500)],0)
([(1200, 600), (1200, 350), (1250, 400), (1250, 600)],0)
([(1300, 800), (1450, 800), (1450, 850), (1300, 850)],0)
([(750, 150), (800, 150), (800, 250), (750, 250)],0)
([(750, 350), (800, 350), (800, 450), (750, 450)],0)
([(750, 550), (800, 550), (800, 650), (750, 650)],0)
([(750, 750), (800, 750), (800, 850), (750, 850)],0)
([(600, 250), (650, 250), (650, 350), (600, 350)],0)
([(600, 450), (650, 450), (650, 550), (600, 550)],0)
([(600, 650), (650, 650), (650, 750), (600, 750)],0)
([(1200, 600), (1250, 600), (1250, 750), (1200, 750)],0)
([(1450, 950), (1550, 850), (1550, 950)],0)
([(1050, 850), (1150, 950), (950, 950)],0)
([(1050, 550), (1150, 550), (1150, 650)],0)
([(950, 550), (1050, 550), (950, 650)],0)
([(950, 550), (1050, 450), (1150, 550)],0)
([(1200, 750), (1250, 750), (1250, 800)],0)
([(750, 250), (800, 250), (800, 350), (750, 350)],2)
([(800, 450), (800, 550), (750, 550), (750, 450)],2)
([(750, 650), (800, 650), (800, 750), (750, 750)],2)
([(400, 750), (500, 750), (500, 800), (400, 800)],0)
Units:
((400, 200), 90, 0, 1)
((1500, 550), 180, 18, 2)
((400, 900), 270, 12, 2)
((500, 900), 270, 12, 2)
Nodespacing: 50