Mapname:
lvl51.txt
Polygons:
([(350, 950), (1550, 950), (1550, 150), (350, 150)],0)
([(850, 700), (850, 400), (900, 400), (900, 700)],0)
([(350, 400), (350, 150), (600, 150)],0)
([(350, 700), (600, 950), (350, 950)],0)
([(1050, 150), (1250, 150), (1250, 350)],0)
([(1050, 950), (1250, 750), (1250, 950)],0)
([(1250, 300), (1400, 300), (1400, 350), (1250, 350)],0)
([(1250, 750), (1400, 750), (1400, 800), (1250, 800)],0)
([(850, 350), (1050, 350), (1050, 400), (850, 400)],2)
([(850, 700), (1050, 700), (1050, 750), (850, 750)],2)
([(600, 300), (700, 400), (650, 450), (550, 350)],0)
([(650, 600), (700, 650), (600, 750), (550, 700)],0)
([(800, 400), (850, 400), (850, 450), (800, 450)],0)
([(800, 650), (850, 650), (850, 700), (800, 700)],0)
([(700, 150), (750, 150), (750, 200), (700, 200)],0)
([(700, 900), (750, 900), (750, 950), (700, 950)],0)
Units:
((400, 550), 0, 0, 1)
((1100, 550), 180, 6, 2)
((1100, 500), 225, 6, 2)
((1150, 500), 270, 6, 2)
((1200, 500), 315, 6, 2)
((1200, 550), 0, 6, 2)
((1200, 600), 45, 6, 2)
((1150, 600), 90, 6, 2)
((1100, 600), 135, 6, 2)
((1300, 250), 0, 3, 2)
((1300, 850), 0, 3, 2)
Nodespacing: 50