Mapname:
lvl5.txt
Polygons:
([(550, 950), (1350, 950), (1350, 100), (550, 100)],0)
([(700, 650), (750, 650), (750, 700), (700, 700)],0)
([(700, 700), (750, 700), (750, 750), (700, 750)],1)
([(650, 650), (700, 650), (700, 700), (650, 700)],1)
([(1150, 350), (1200, 350), (1200, 400), (1150, 400)],0)
([(1150, 300), (1200, 300), (1200, 350), (1150, 350)],1)
([(1200, 350), (1250, 350), (1250, 400), (1200, 400)],1)
Units:
((650, 750), 0, 0, 1)
((1250, 550), 180, 3, 2)
((1100, 150), 90, 3, 2)
Nodespacing: 50