Mapname:
lvl50.txt
Polygons:
([(350, 950), (1550, 950), (1550, 150), (350, 150)],0)
([(350, 150), (500, 150), (500, 300), (350, 300)],0)
([(1400, 150), (1550, 150), (1550, 300), (1400, 300)],0)
([(1400, 800), (1550, 800), (1550, 950), (1400, 950)],0)
([(350, 800), (500, 800), (500, 950), (350, 950)],0)
([(500, 150), (1400, 150), (1400, 250), (1300, 150), (1300, 250), (1200, 150), (1200, 250), (1100, 150), (1100, 250), (1000, 150), (1000, 250), (900, 150), (900, 250), (800, 150), (800, 250), (700, 150), (700, 250), (600, 150), (600, 250)],0)
([(500, 950), (600, 850), (600, 950), (700, 850), (700, 950), (800, 850), (800, 950), (900, 850), (900, 950), (1000, 850), (1000, 950), (1100, 850), (1100, 950), (1200, 850), (1200, 950), (1300, 850), (1300, 950), (1400, 850), (1400, 950)],0)
([(500, 250), (1400, 250), (1400, 300), (500, 300)],2)
([(500, 800), (1400, 800), (1400, 850), (500, 850)],2)
([(650, 450), (700, 450), (700, 650), (650, 650)],0)
([(800, 300), (900, 300), (900, 350)],0)
([(800, 800), (900, 750), (900, 800)],0)
([(1000, 500), (1050, 500), (1050, 600), (1000, 600)],0)
([(1450, 400), (1550, 300), (1550, 400)],0)
([(1550, 800), (1450, 700), (1550, 700)],0)
([(1450, 600), (1550, 600), (1550, 700)],0)
([(1450, 500), (1550, 400), (1550, 500)],0)
([(1400, 300), (1450, 300), (1450, 500), (1400, 500)],2)
([(1400, 600), (1450, 600), (1450, 800), (1400, 800)],2)
([(900, 300), (1000, 300), (1000, 350), (900, 350)],0)
([(900, 750), (1000, 750), (1000, 800), (900, 800)],0)
([(1150, 800), (1150, 650), (1200, 650), (1200, 800)],0)
([(1150, 450), (1150, 300), (1200, 300), (1200, 450)],0)
([(550, 350), (550, 300), (650, 300)],0)
([(550, 750), (650, 800), (550, 800)],0)
Units:
((400, 550), 0, 0, 1)
((1500, 550), 180, 10, 2)
Nodespacing: 50