Mapname:
lvl7.txt
Polygons:
([(550, 950), (1350, 950), (1350, 100), (550, 100)],0)
([(550, 300), (650, 300), (650, 350), (550, 350)],0)
([(700, 300), (850, 300), (850, 350), (700, 350)],0)
([(1250, 400), (1350, 400), (1350, 450), (1250, 450)],0)
([(1050, 400), (1200, 400), (1200, 450), (1050, 450)],0)
([(550, 600), (650, 600), (650, 650), (550, 650)],0)
([(700, 600), (850, 600), (850, 650), (700, 650)],0)
([(1050, 700), (1200, 700), (1200, 750), (1050, 750)],0)
([(1250, 700), (1350, 700), (1350, 750), (1250, 750)],0)
([(650, 300), (700, 300), (700, 350), (650, 350)],1)
([(1200, 400), (1250, 400), (1250, 450), (1200, 450)],1)
([(650, 600), (700, 600), (700, 650), (650, 650)],1)
([(1200, 700), (1250, 700), (1250, 750), (1200, 750)],1)
Units:
((600, 850), 0, 0, 1)
((1300, 900), 270, 3, 2)
((600, 500), 0, 3, 2)
((1300, 250), 180, 3, 2)
((600, 200), 90, 3, 2)
Nodespacing: 50