Mapname:
map1.txt
Polygons:
([(450, 1050), (1450, 1050), (1450, 50), (450, 50)],0)
([(750, 300), (950, 300), (950, 350), (750, 350)],0)
([(1000, 600), (1150, 600), (1150, 650), (1000, 650)],0)
([(600, 750), (700, 750), (700, 600), (750, 600), (750, 800), (600, 800)],0)
([(1100, 300), (1200, 300), (1200, 350), (1100, 350)],1)
([(850, 400), (1000, 400), (1000, 450), (850, 450)],2)
Units:
((500, 100), 45, 0, 1)
((1350, 250), 180, 1, 1)
((1350, 450), 180, 8, 1)
((850, 650), 270, 18, 1)
((1250, 950), 180, 17, 1)
Nodespacing: 50