Mapname:
lvl10.txt
Polygons:
([(350, 850), (1550, 850), (1550, 250), (350, 250)],0)
([(550, 350), (600, 350), (600, 650), (550, 650)],0)
([(750, 750), (750, 400), (800, 400), (800, 750)],0)
([(950, 350), (1000, 350), (1000, 700), (950, 700)],0)
([(1250, 450), (1250, 250), (1300, 250), (1300, 450)],0)
([(1250, 850), (1250, 650), (1300, 650), (1300, 850)],0)
([(1300, 400), (1550, 400), (1550, 450), (1300, 450)],2)
([(1300, 650), (1550, 650), (1550, 700), (1300, 700)],2)
([(950, 350), (950, 250), (1000, 250), (1000, 350)],1)
([(750, 850), (750, 750), (800, 750), (800, 850)],1)
([(550, 350), (550, 250), (600, 250), (600, 350)],1)
Units:
((400, 300), 0, 0, 1)
((650, 800), 0, 5, 2)
((650, 300), 0, 5, 2)
((900, 300), 0, 5, 2)
((900, 800), 0, 5, 2)
((1450, 800), 0, 3, 2)
((1450, 300), 0, 3, 2)
Nodespacing: 50