Mapname:
lvl13.txt
Polygons:
([(550, 950), (1350, 950), (1350, 150), (550, 150)],0)
([(650, 750), (650, 650), (700, 650), (700, 750), (750, 750), (750, 800), (650, 800)],0)
([(1150, 750), (1200, 750), (1200, 650), (1250, 650), (1250, 800), (1150, 800)],0)
([(750, 750), (1150, 750), (1150, 800), (750, 800)],2)
([(650, 350), (750, 350), (750, 400), (650, 400)],0)
([(1150, 350), (1250, 350), (1250, 400), (1150, 400)],0)
([(900, 350), (1000, 350), (1000, 400), (900, 400)],0)
Units:
((600, 900), 0, 0, 1)
((1300, 900), 0, 4, 2)
((1300, 200), 0, 3, 2)
((600, 200), 0, 3, 2)
((800, 200), 0, 3, 2)
((1100, 200), 0, 3, 2)
((950, 300), 0, 3, 2)
((700, 550), 0, 3, 2)
((1200, 550), 0, 3, 2)
Nodespacing: 50