Mapname:
lvl7.txt
Polygons:
([(450, 850), (1450, 850), (1450, 250), (450, 250)],0)
([(650, 350), (700, 350), (700, 450), (650, 450)],1)
([(650, 600), (700, 600), (700, 700), (650, 700)],1)
([(850, 700), (950, 700), (950, 750), (850, 750)],1)
([(1050, 700), (1150, 700), (1150, 750), (1050, 750)],1)
([(1000, 350), (1100, 350), (1100, 400), (1000, 400)],1)
([(1250, 600), (1250, 500), (1300, 500), (1300, 600)],1)
([(700, 350), (850, 350), (850, 450), (800, 450), (800, 400), (700, 400)],0)
([(650, 450), (700, 450), (700, 600), (650, 600)],0)
([(650, 700), (850, 700), (850, 750), (650, 750)],0)
([(950, 550), (950, 350), (1000, 350), (1000, 550)],0)
([(950, 700), (1050, 700), (1050, 750), (950, 750)],0)
([(1150, 700), (1250, 700), (1250, 600), (1300, 600), (1300, 750), (1150, 750)],0)
([(1100, 350), (1300, 350), (1300, 500), (1250, 500), (1250, 400), (1100, 400)],0)
Units:
((500, 800), 0, 0, 1)
((1150, 300), 0, 4, 2)
((900, 300), 0, 4, 2)
((850, 800), 0, 4, 2)
((1200, 650), 0, 4, 2)
((1400, 300), 0, 3, 2)
((1400, 800), 0, 3, 2)
Nodespacing: 50