Mapname:
lvl8.txt
Polygons:
([(450, 850), (1450, 850), (1450, 250), (450, 250)],0)
([(650, 550), (900, 550), (900, 400), (950, 400), (950, 550), (1150, 550), (1150, 750), (1100, 750), (1100, 600), (650, 600)],0)
([(1200, 450), (1200, 250), (1250, 250), (1250, 450)],0)
([(1100, 850), (1100, 750), (1150, 750), (1150, 850)],2)
([(1300, 650), (1450, 650), (1450, 700), (1300, 700)],0)
([(450, 350), (550, 350), (550, 400), (450, 400)],0)
Units:
((500, 800), 0, 0, 1)
((1350, 300), 0, 5, 2)
((1000, 500), 0, 5, 2)
((1400, 800), 0, 1, 2)
((500, 300), 0, 2, 2)
((850, 500), 0, 2, 2)
Nodespacing: 50