Mapname:
lvl10.txt
Polygons:
([(550, 950), (1350, 950), (1350, 100), (550, 100)],0)
([(600, 200), (750, 200), (750, 250), (600, 250)],0)
([(1150, 200), (1300, 200), (1300, 250), (1150, 250)],0)
([(600, 800), (750, 800), (750, 850), (600, 850)],0)
([(1150, 800), (1300, 800), (1300, 850), (1150, 850)],0)
([(850, 700), (950, 700), (950, 750), (850, 750)],0)
([(1000, 700), (1050, 700), (1050, 750), (1000, 750)],0)
([(1050, 400), (950, 400), (950, 350), (1050, 350)],0)
([(850, 350), (900, 350), (900, 400), (850, 400)],0)
([(900, 350), (950, 350), (950, 400), (900, 400)],1)
([(950, 700), (1000, 700), (1000, 750), (950, 750)],1)
([(1150, 550), (1200, 550), (1200, 600), (1150, 600)],1)
([(1200, 550), (1250, 550), (1250, 600), (1200, 600)],1)
([(1250, 550), (1300, 550), (1300, 600), (1250, 600)],1)
([(600, 500), (650, 500), (650, 550), (600, 550)],1)
([(650, 500), (700, 500), (700, 550), (650, 550)],1)
([(700, 500), (750, 500), (750, 550), (700, 550)],1)
Units:
((600, 750), 0, 0, 1)
((1000, 200), 90, 5, 2)
((1300, 350), 180, 5, 2)
Nodespacing: 50