Mapname:
lvl12.txt
Polygons:
([(550, 950), (1350, 950), (1350, 100), (550, 100)],0)
([(700, 800), (700, 700), (750, 700), (750, 650), (800, 650), (800, 600), (850, 600), (850, 550), (900, 550), (900, 650), (850, 650), (850, 700), (800, 700), (800, 750), (750, 750), (750, 800)],0)
([(900, 600), (900, 550), (950, 550), (950, 600)],1)
([(900, 550), (900, 500), (950, 500), (950, 550)],1)
([(950, 550), (950, 500), (1000, 500), (1000, 550)],1)
([(950, 500), (950, 450), (1000, 450), (1000, 500)],1)
([(1000, 500), (1000, 400), (1050, 400), (1050, 350), (1100, 350), (1100, 300), (1150, 300), (1150, 250), (1200, 250), (1200, 350), (1150, 350), (1150, 400), (1100, 400), (1100, 450), (1050, 450), (1050, 500)],0)
([(700, 250), (800, 250), (800, 350), (700, 350)],2)
([(1100, 800), (1100, 700), (1200, 700), (1200, 800)],2)
Units:
((600, 450), 0, 0, 1)
((1100, 150), 90, 5, 2)
((850, 800), 270, 5, 2)
((1250, 850), 270, 6, 2)
((1250, 350), 180, 6, 2)
Nodespacing: 50