Mapname:
lvl17.txt
Polygons:
[(400, 950), (1500, 950), (1500, 150), (400, 150)]
[(800, 150), (850, 150), (850, 500), (600, 500), (600, 450), (800, 450)]
[(1500, 500), (1050, 500), (1050, 300), (1100, 300), (1100, 450), (1500, 450)]
[(1050, 950), (1050, 650), (1300, 650), (1300, 700), (1100, 700), (1100, 950)]
[(400, 650), (850, 650), (850, 800), (800, 800), (800, 700), (400, 700)]
Units:
((450, 800), 0, 0, 1)
((950, 550), 0, 6, 2)
((1450, 600), 0, 6, 2)
((1450, 350), 0, 6, 2)
((550, 250), 0, 6, 2)
((500, 550), 0, 6, 2)
((1350, 850), 0, 6, 2)
Nodespacing: 50