Mapname:
lvl16.txt
Polygons:
([(550, 950), (1350, 950), (1350, 100), (550, 100)],0)
([(650, 250), (700, 250), (700, 700), (650, 700)],0)
([(750, 650), (800, 650), (800, 800), (750, 800)],0)
([(850, 750), (900, 750), (900, 800), (850, 800)],0)
([(950, 750), (1000, 750), (1000, 800), (950, 800)],0)
([(1200, 800), (1200, 350), (1250, 350), (1250, 800)],0)
([(1100, 250), (1150, 250), (1150, 400), (1100, 400)],0)
([(1000, 250), (1050, 250), (1050, 300), (1000, 300)],0)
([(900, 250), (950, 250), (950, 300), (900, 300)],0)
([(850, 250), (900, 250), (900, 300), (850, 300)],1)
([(950, 250), (1000, 250), (1000, 300), (950, 300)],1)
([(1050, 250), (1100, 250), (1100, 300), (1050, 300)],1)
([(1150, 350), (1200, 350), (1200, 400), (1150, 400)],1)
([(700, 650), (750, 650), (750, 700), (700, 700)],1)
([(800, 750), (850, 750), (850, 800), (800, 800)],1)
([(900, 750), (950, 750), (950, 800), (900, 800)],1)
Units:
((600, 850), 0, 0, 1)
((1300, 700), 180, 7, 2)
((900, 200), 90, 7, 2)
((1050, 500), 180, 7, 2)
((1300, 150), 90, 6, 2)
((850, 700), 270, 6, 2)
Nodespacing: 50