Mapname:
lvl18.txt
Polygons:
([(550, 950), (1350, 950), (1350, 100), (550, 100)],0)
([(900, 100), (950, 100), (950, 200), (1000, 200), (1000, 400), (950, 400), (950, 250), (900, 250)],0)
([(1050, 400), (1200, 400), (1200, 450), (1050, 450)],0)
([(700, 400), (850, 400), (850, 450), (700, 450)],0)
([(950, 950), (950, 850), (900, 850), (900, 650), (950, 650), (950, 800), (1000, 800), (1000, 950)],0)
([(1050, 650), (1050, 600), (1200, 600), (1200, 650)],0)
([(700, 600), (850, 600), (850, 650), (700, 650)],0)
([(850, 400), (900, 400), (900, 450), (850, 450)],1)
([(900, 400), (950, 400), (950, 450), (900, 450)],1)
([(950, 400), (1000, 400), (1000, 450), (950, 450)],1)
([(1000, 400), (1050, 400), (1050, 450), (1000, 450)],1)
([(850, 600), (900, 600), (900, 650), (850, 650)],1)
([(900, 600), (950, 600), (950, 650), (900, 650)],1)
([(950, 600), (1000, 600), (1000, 650), (950, 650)],1)
([(1000, 600), (1050, 600), (1050, 650), (1000, 650)],1)
Units:
((650, 800), 0, 0, 1)
((700, 250), 90, 3, 2)
((1200, 850), 270, 3, 2)
((850, 300), 90, 5, 2)
((1050, 900), 270, 7, 2)
((1050, 200), 90, 7, 2)
((1000, 550), 180, 6, 2)
Nodespacing: 50