Mapname:
lvl29.txt
Polygons:
([(450, 950), (1450, 950), (1450, 150), (450, 150)],0)
([(450, 500), (550, 500), (550, 550), (450, 550)],0)
([(700, 500), (750, 500), (750, 600), (800, 600), (800, 650), (700, 650)],0)
([(1000, 650), (1000, 600), (1050, 600), (1050, 650)],0)
([(1200, 650), (1200, 600), (1250, 600), (1250, 650)],0)
([(1000, 400), (1050, 400), (1050, 450), (1000, 450)],0)
([(1200, 400), (1250, 400), (1250, 450), (1200, 450)],0)
([(550, 500), (700, 500), (700, 550), (550, 550)],2)
([(800, 600), (1000, 600), (1000, 650), (800, 650)],2)
([(1050, 600), (1200, 600), (1200, 650), (1050, 650)],2)
([(1250, 600), (1450, 600), (1450, 650), (1250, 650)],2)
([(1050, 400), (1200, 400), (1200, 450), (1050, 450)],2)
([(650, 300), (750, 300), (750, 350), (650, 350)],0)
([(600, 800), (650, 800), (650, 850), (600, 850)],0)
([(850, 800), (950, 800), (950, 850), (850, 850)],0)
([(1200, 800), (1300, 800), (1300, 850), (1200, 850)],0)
Units:
((500, 900), 0, 0, 1)
((1400, 200), 90, 3, 2)
((1300, 200), 90, 3, 2)
((500, 200), 90, 3, 2)
((600, 200), 90, 3, 2)
((700, 200), 90, 3, 2)
((1200, 200), 90, 3, 2)
((1100, 200), 90, 3, 2)
((800, 200), 90, 3, 2)
((900, 200), 90, 3, 2)
((1000, 200), 90, 3, 2)
Nodespacing: 50