Mapname:
lvl24.txt
Polygons:
([(350, 950), (1550, 950), (1550, 150), (350, 150)],0)
([(650, 550), (900, 550), (900, 350), (1250, 350), (1250, 400), (950, 400), (950, 600), (650, 600)],0)
([(900, 700), (950, 700), (950, 800), (1100, 800), (1100, 850), (900, 850)],0)
([(1150, 800), (1250, 800), (1250, 850), (1150, 850)],0)
([(1300, 850), (1300, 650), (1350, 650), (1350, 850)],0)
([(500, 400), (450, 350), (500, 300), (550, 350)],0)
([(1400, 250), (1450, 300), (1400, 350), (1350, 300)],0)
([(500, 850), (500, 750), (650, 750), (650, 800), (550, 800), (550, 850)],0)
([(1100, 800), (1150, 800), (1150, 850), (1100, 850)],1)
([(1250, 800), (1300, 800), (1300, 850), (1250, 850)],1)
([(900, 600), (950, 600), (950, 700), (900, 700)],2)
([(1050, 250), (1100, 250), (1100, 350), (1050, 350)],2)
([(1350, 650), (1450, 650), (1450, 700), (1350, 700)],2)
Units:
((400, 900), 296, 0, 1)
((650, 200), 90, 7, 2)
((850, 200), 90, 7, 2)
((650, 500), 270, 7, 2)
((850, 500), 270, 1, 2)
((1500, 900), 180, 5, 2)
((1000, 450), 0, 2, 2)
((1000, 750), 0, 2, 2)
Nodespacing: 50