Mapname:
lvl26.txt
Polygons:
([(450, 900), (1450, 900), (1450, 150), (450, 150)],0)
([(600, 900), (600, 300), (1300, 300), (1300, 750), (750, 750), (750, 450), (1150, 450), (1150, 600), (850, 600), (850, 550), (1100, 550), (1100, 500), (800, 500), (800, 700), (1250, 700), (1250, 350), (650, 350), (650, 900)],0)
([(1200, 700), (1250, 650), (1250, 700)],0)
([(650, 850), (700, 900), (650, 900)],0)
([(600, 350), (550, 300), (600, 250), (650, 300)],0)
([(1250, 300), (1300, 250), (1350, 300), (1300, 350)],0)
([(1300, 700), (1350, 750), (1300, 800), (1250, 750)],0)
([(550, 900), (600, 850), (600, 900)],0)
Units:
((500, 850), 270, 0, 1)
((500, 200), 90, 1, 2)
((1050, 200), 180, 2, 2)
((1400, 200), 180, 3, 2)
((1400, 500), 270, 4, 2)
((1400, 800), 270, 5, 2)
((850, 650), 0, 6, 2)
((850, 850), 0, 7, 2)
Nodespacing: 50