Mapname:
lvl35.txt
Polygons:
([(450, 950), (1450, 950), (1450, 150), (450, 150)],0)
([(450, 700), (900, 700), (900, 750), (450, 750)],2)
([(950, 950), (950, 550), (1000, 550), (1000, 950)],2)
([(1050, 650), (1300, 650), (1300, 700), (1050, 700)],2)
([(1200, 950), (1200, 800), (1250, 800), (1250, 950)],2)
([(950, 500), (950, 400), (600, 400), (600, 350), (1050, 350), (1050, 250), (1100, 250), (1100, 350), (1250, 350), (1250, 400), (1000, 400), (1000, 500)],2)
([(1300, 350), (1350, 350), (1350, 500), (1300, 500)],2)
([(600, 600), (600, 500), (650, 500), (650, 600)],2)
([(600, 250), (700, 250), (700, 300), (600, 300)],2)
([(600, 750), (700, 750), (700, 800), (600, 800)],0)
([(900, 850), (950, 850), (950, 950), (900, 950)],0)
([(1150, 600), (1200, 600), (1200, 650), (1150, 650)],0)
([(900, 400), (950, 400), (950, 450), (900, 450)],0)
([(1000, 400), (1050, 400), (1050, 450), (1000, 450)],0)
([(1000, 300), (1050, 300), (1050, 350), (1000, 350)],0)
([(1100, 300), (1150, 300), (1150, 350), (1100, 350)],0)
([(450, 450), (500, 450), (500, 500), (450, 500)],0)
([(900, 550), (950, 550), (950, 600), (900, 600)],0)
Units:
((500, 900), 0, 0, 1)
((1400, 200), 116, 11, 2)
((1000, 200), 90, 9, 2)
Nodespacing: 50