Mapname:
lvl31.txt
Polygons:
([(450, 950), (1450, 950), (1450, 150), (450, 150)],0)
([(600, 350), (650, 350), (650, 650), (600, 650)],0)
([(800, 400), (800, 250), (850, 250), (850, 400)],0)
([(800, 650), (850, 650), (850, 800), (800, 800)],0)
([(1050, 250), (1100, 250), (1100, 350), (1050, 350)],0)
([(1000, 650), (1050, 650), (1050, 700), (1000, 700)],0)
([(1250, 150), (1300, 150), (1300, 250), (1250, 250)],0)
([(1250, 850), (1300, 850), (1300, 950), (1250, 950)],0)
([(1350, 700), (1450, 700), (1450, 750), (1350, 750)],0)
([(1350, 350), (1450, 350), (1450, 400), (1350, 400)],0)
([(550, 650), (650, 650), (600, 700), (550, 700)],0)
([(750, 800), (850, 800), (800, 850), (750, 850)],0)
([(850, 250), (1050, 250), (1050, 300), (850, 300)],2)
([(850, 650), (1000, 650), (1000, 700), (850, 700)],2)
([(750, 950), (750, 850), (800, 850), (800, 950)],1)
Units:
((500, 500), 0, 0, 1)
((1350, 550), 180, 11, 2)
Nodespacing: 50