Mapname:
lvl38.txt
Polygons:
([(450, 950), (1450, 950), (1450, 150), (450, 150)],0)
([(600, 450), (850, 450), (850, 500), (600, 500)],0)
([(900, 300), (950, 300), (950, 550), (900, 550)],0)
([(1000, 500), (1250, 500), (1250, 550), (1000, 550)],0)
([(1100, 600), (1150, 600), (1150, 800), (1100, 800)],0)
([(1200, 250), (1250, 250), (1250, 450), (1200, 450)],0)
([(850, 700), (1000, 700), (1000, 750), (850, 750)],0)
([(600, 550), (650, 550), (650, 650), (600, 650)],0)
([(550, 750), (700, 750), (700, 800), (550, 800)],0)
([(650, 300), (650, 200), (700, 200), (700, 300)],0)
([(1050, 250), (1100, 250), (1100, 300), (1050, 300)],0)
([(1250, 700), (1300, 700), (1300, 750), (1250, 750)],0)
([(900, 850), (950, 850), (950, 900), (900, 900)],0)
Units:
((500, 200), 45, 0, 1)
((1400, 200), 180, 14, 2)
((1400, 900), 180, 14, 2)
((1350, 500), 180, 14, 2)
((1100, 850), 180, 14, 2)
((750, 900), 180, 14, 2)
((1000, 400), 0, 2, 2)
((700, 550), 90, 2, 2)
Nodespacing: 50