Mapname:
lvl3.txt
Polygons:
([(550, 900), (1350, 900), (1350, 200), (550, 200)],0)
([(550, 700), (850, 700), (850, 750), (550, 750)],2)
([(1000, 750), (1000, 700), (1350, 700), (1350, 750)],2)
([(1100, 900), (1100, 800), (1150, 800), (1150, 900)],2)
([(550, 450), (800, 450), (800, 500), (550, 500)],2)
([(750, 650), (750, 550), (800, 550), (800, 650)],2)
([(950, 650), (950, 500), (1250, 500), (1250, 550), (1000, 550), (1000, 650)],2)
([(900, 350), (1350, 350), (1350, 400), (900, 400)],2)
([(550, 350), (800, 350), (800, 400), (550, 400)],2)
Units:
((600, 850), 0, 0, 1)
((1300, 650), 0, 1, 2)
((600, 300), 0, 1, 2)
((1250, 300), 0, 2, 2)
((600, 550), 0, 2, 2)
((1250, 850), 0, 2, 2)
Nodespacing: 50