Mapname:
lvl39.txt
Polygons:
([(450, 950), (1450, 950), (1450, 150), (450, 150)],0)
([(700, 250), (800, 250), (750, 300), (750, 400), (650, 400), (600, 450), (600, 400), (600, 350), (700, 350)],0)
([(850, 500), (900, 500), (1100, 700), (1100, 750), (1050, 750), (850, 550)],0)
([(1100, 300), (1150, 250), (1250, 250), (1300, 300), (1300, 400), (1250, 450), (1150, 450), (1100, 400), (1250, 400), (1250, 300)],0)
([(550, 800), (650, 800), (650, 850), (550, 850)],0)
([(750, 850), (750, 700), (800, 700), (800, 850)],0)
([(650, 800), (750, 800), (750, 850), (650, 850)],2)
([(1100, 700), (1250, 700), (1250, 750), (1100, 750)],2)
([(1050, 750), (1100, 750), (1100, 900), (1050, 900)],2)
([(1200, 450), (1250, 450), (1250, 550), (1200, 550)],1)
([(750, 400), (800, 400), (800, 450), (750, 450)],1)
([(800, 450), (850, 450), (850, 500), (800, 500)],1)
([(950, 300), (950, 150), (1000, 150), (1000, 300)],0)
Units:
((500, 200), 45, 0, 1)
((1200, 350), 180, 6, 2)
((1400, 200), 180, 15, 2)
((1400, 900), 180, 15, 2)
((850, 900), 270, 15, 2)
Nodespacing: 50