Mapname:
lvl45.txt
Polygons:
([(350, 950), (1550, 950), (1550, 150), (350, 150)],0)
([(550, 700), (550, 400), (600, 400), (600, 700)],0)
([(750, 400), (950, 400), (950, 450), (750, 450)],0)
([(750, 650), (950, 650), (950, 700), (750, 700)],0)
([(750, 300), (750, 250), (800, 250), (800, 300)],0)
([(1000, 300), (1000, 250), (1050, 250), (1050, 300)],0)
([(750, 850), (750, 800), (800, 800), (800, 850)],0)
([(1000, 850), (1000, 800), (1050, 800), (1050, 850)],0)
([(1100, 650), (1300, 650), (1300, 700), (1100, 700)],0)
([(1100, 400), (1300, 400), (1300, 450), (1100, 450)],0)
([(1250, 250), (1300, 250), (1300, 300), (1250, 300)],0)
([(1250, 800), (1300, 800), (1300, 850), (1250, 850)],0)
([(500, 800), (550, 800), (550, 850), (500, 850)],0)
([(500, 250), (550, 250), (550, 300), (500, 300)],0)
([(600, 400), (750, 400), (750, 450), (600, 450)],2)
([(600, 650), (750, 650), (750, 700), (600, 700)],2)
([(950, 400), (1100, 400), (1100, 450), (950, 450)],2)
([(950, 650), (1100, 650), (1100, 700), (950, 700)],2)
([(1250, 250), (1250, 150), (1300, 150), (1300, 250)],2)
([(1250, 950), (1250, 850), (1300, 850), (1300, 950)],2)
([(1000, 700), (1050, 700), (1050, 800), (1000, 800)],2)
([(750, 950), (750, 850), (800, 850), (800, 950)],2)
([(750, 250), (750, 150), (800, 150), (800, 250)],2)
([(1000, 400), (1000, 300), (1050, 300), (1050, 400)],2)
([(650, 700), (700, 700), (700, 750), (650, 750)],0)
([(650, 350), (700, 350), (700, 400), (650, 400)],0)
Units:
((400, 550), 0, 0, 1)
((650, 500), 0, 11, 2)
((650, 550), 0, 11, 2)
((650, 600), 0, 11, 2)
((1500, 200), 180, 16, 2)
((1500, 900), 180, 16, 2)
((750, 550), 0, 16, 2)
Nodespacing: 50