Mapname:
lvl41.txt
Polygons:
([(450, 950), (1450, 950), (1450, 150), (450, 150)],0)
([(450, 300), (450, 150), (600, 150)],0)
([(1300, 150), (1450, 150), (1450, 300)],0)
([(1450, 800), (1450, 950), (1300, 950)],0)
([(450, 800), (600, 950), (450, 950)],0)
([(650, 300), (750, 400), (700, 450), (600, 350)],0)
([(650, 800), (600, 750), (700, 650), (750, 700)],0)
([(1250, 300), (1300, 350), (1200, 450), (1150, 400)],0)
([(1300, 750), (1250, 800), (1150, 700), (1200, 650)],0)
([(850, 500), (900, 500), (900, 400), (1000, 400), (1000, 500), (1050, 500), (1050, 600), (1000, 600), (1000, 700), (900, 700), (900, 600), (850, 600)],0)
([(900, 400), (900, 300), (1000, 300), (1000, 400)],2)
([(900, 700), (1000, 700), (1000, 800), (900, 800)],2)
([(1050, 500), (1100, 500), (1100, 600), (1050, 600)],2)
([(800, 500), (850, 500), (850, 600), (800, 600)],2)
([(1300, 500), (1350, 500), (1350, 600), (1300, 600)],1)
([(550, 500), (600, 500), (600, 600), (550, 600)],1)
Units:
((500, 550), 0, 0, 1)
((1250, 200), 180, 9, 2)
((1250, 900), 180, 9, 2)
((1050, 650), 0, 14, 2)
((1050, 450), 0, 14, 2)
((1400, 550), 0, 14, 2)
Nodespacing: 50