Mapname:
lvl4.txt
Polygons:
([(550, 950), (1350, 950), (1350, 100), (550, 100)],0)
([(550, 650), (1000, 650), (1000, 700), (550, 700)],2)
([(800, 950), (800, 750), (850, 750), (850, 950)],2)
([(1050, 950), (1050, 450), (1100, 450), (1100, 950)],2)
([(1150, 650), (1350, 650), (1350, 700), (1150, 700)],2)
([(1350, 400), (900, 400), (900, 350), (1350, 350)],2)
([(850, 100), (850, 600), (800, 600), (800, 100)],2)
([(550, 350), (750, 350), (750, 400), (550, 400)],2)
([(1050, 100), (1100, 100), (1100, 300), (1050, 300)],2)
Units:
((650, 850), 270, 0, 1)
((900, 550), 0, 2, 2)
((1250, 200), 90, 2, 2)
((950, 200), 90, 1, 2)
((1250, 500), 180, 1, 2)
Nodespacing: 50