Mapname:
lvl43.txt
Polygons:
([(350, 950), (1550, 950), (1550, 150), (350, 150)],0)
([(750, 400), (1150, 400), (1150, 450), (750, 450)],0)
([(750, 600), (850, 600), (850, 650), (750, 650)],0)
([(1050, 600), (1150, 600), (1150, 650), (1050, 650)],0)
([(1100, 300), (1100, 250), (1350, 250), (1350, 800), (1100, 800), (1100, 750), (1300, 750), (1300, 300)],0)
([(800, 800), (550, 800), (550, 250), (800, 250), (800, 300), (600, 300), (600, 750), (800, 750)],0)
([(1100, 450), (1150, 450), (1150, 600), (1100, 600)],2)
([(750, 450), (800, 450), (800, 600), (750, 600)],2)
([(1150, 400), (1300, 400), (1300, 450), (1150, 450)],1)
([(600, 400), (750, 400), (750, 450), (600, 450)],1)
([(900, 750), (1000, 750), (1000, 800), (900, 800)],0)
([(450, 550), (550, 550), (550, 600), (450, 600)],0)
([(1350, 550), (1450, 550), (1450, 600), (1350, 600)],0)
Units:
((950, 500), 90, 0, 1)
((1500, 200), 90, 11, 2)
((400, 200), 90, 11, 2)
((500, 200), 90, 11, 2)
((1400, 200), 90, 11, 2)
((1500, 300), 90, 13, 2)
((1400, 300), 90, 13, 2)
((400, 300), 90, 13, 2)
((500, 300), 90, 13, 2)
((1500, 600), 90, 7, 2)
((400, 600), 90, 7, 2)
((1500, 900), 180, 11, 2)
((400, 900), 0, 11, 2)
Nodespacing: 50