Mapname:
lvl48.txt
Polygons:
([(350, 950), (1550, 950), (1550, 100), (350, 100)],0)
([(800, 800), (800, 700), (850, 700), (850, 800)],0)
([(550, 600), (750, 600), (750, 650), (550, 650)],0)
([(750, 600), (800, 600), (800, 650), (750, 650)],1)
([(800, 600), (850, 600), (850, 650), (800, 650)],1)
([(800, 650), (850, 650), (850, 700), (800, 700)],1)
([(800, 100), (850, 100), (850, 350), (800, 350)],0)
([(700, 400), (750, 400), (750, 450), (700, 450)],0)
([(800, 350), (850, 350), (850, 400), (800, 400)],1)
([(800, 400), (850, 400), (850, 450), (800, 450)],1)
([(750, 400), (800, 400), (800, 450), (750, 450)],1)
([(1150, 400), (1350, 400), (1350, 450), (1150, 450)],0)
([(1050, 350), (1050, 250), (1100, 250), (1100, 350)],0)
([(1050, 350), (1100, 350), (1100, 400), (1050, 400)],1)
([(1050, 400), (1100, 400), (1100, 450), (1050, 450)],1)
([(1100, 400), (1150, 400), (1150, 450), (1100, 450)],1)
([(1050, 950), (1050, 700), (1100, 700), (1100, 950)],0)
([(1150, 600), (1200, 600), (1200, 650), (1150, 650)],0)
([(1050, 700), (1050, 650), (1100, 650), (1100, 700)],1)
([(1050, 650), (1050, 600), (1100, 600), (1100, 650)],1)
([(1100, 600), (1150, 600), (1150, 650), (1100, 650)],1)
([(500, 600), (550, 600), (550, 950), (500, 950)],0)
([(1350, 700), (1400, 700), (1400, 950), (1350, 950)],0)
([(1300, 250), (1550, 250), (1550, 300), (1300, 300)],0)
([(500, 300), (600, 300), (600, 350), (500, 350)],0)
([(350, 300), (500, 300), (500, 350), (350, 350)],1)
Units:
((600, 800), 0, 0, 1)
((1500, 150), 180, 18, 2)
((1150, 900), 0, 18, 2)
((400, 900), 270, 18, 2)
((700, 150), 90, 17, 2)
((1450, 900), 270, 12, 2)
((1500, 900), 270, 12, 2)
Nodespacing: 50