Mapname:
lvl49.txt
Polygons:
([(350, 950), (1550, 950), (1550, 150), (350, 150)],0)
([(550, 400), (650, 400), (650, 300), (700, 300), (700, 400), (800, 400), (800, 450), (700, 450), (700, 550), (650, 550), (650, 450), (550, 450)],0)
([(650, 700), (700, 700), (700, 800), (850, 800), (850, 850), (650, 850)],0)
([(650, 600), (850, 600), (850, 650), (650, 650)],0)
([(900, 600), (1150, 600), (1150, 650), (900, 650)],0)
([(1250, 650), (1250, 350), (1300, 350), (1300, 650)],0)
([(1050, 300), (1050, 150), (1100, 150), (1100, 300)],0)
([(1200, 950), (1200, 800), (1250, 800), (1250, 950)],0)
([(850, 600), (900, 600), (900, 650), (900, 650), (850, 650)],1)
([(650, 550), (700, 550), (700, 600), (650, 600)],1)
([(650, 650), (700, 650), (700, 700), (650, 700)],1)
([(1150, 600), (1250, 600), (1250, 650), (1150, 650)],2)
([(1050, 450), (1050, 300), (1100, 300), (1100, 450)],2)
([(350, 650), (500, 650), (500, 700), (350, 700)],0)
([(450, 250), (550, 250), (550, 300), (450, 300)],0)
([(1000, 800), (1000, 700), (1050, 700), (1050, 800)],0)
([(1350, 700), (1450, 700), (1450, 750), (1350, 750)],0)
([(1400, 500), (1400, 400), (1450, 400), (1450, 500)],0)
([(450, 800), (500, 800), (500, 850), (450, 850)],0)
Units:
((400, 600), 0, 0, 1)
((800, 200), 90, 17, 2)
((1050, 900), 180, 15, 2)
((1200, 200), 90, 13, 2)
((1500, 200), 90, 15, 2)
((1500, 900), 180, 13, 2)
Nodespacing: 50