Mapname:
lvl47.txt
Polygons:
([(350, 950), (1550, 950), (1550, 150), (350, 150)],0)
([(950, 150), (1000, 150), (1000, 300), (900, 400), (850, 350), (900, 300)],0)
([(1000, 800), (1000, 950), (950, 950), (900, 800), (850, 750), (900, 700)],0)
([(950, 550), (1000, 500), (1250, 500), (1300, 550), (1250, 600), (1000, 600)],0)
([(1450, 300), (1550, 300), (1550, 400)],0)
([(1550, 700), (1550, 800), (1450, 800)],0)
([(1150, 500), (1150, 400), (1200, 400), (1200, 500)],0)
([(1150, 600), (1200, 600), (1200, 700), (1150, 700)],0)
([(750, 400), (800, 450), (800, 650), (750, 700)],0)
([(550, 400), (550, 250), (600, 250), (600, 400)],0)
([(550, 700), (600, 700), (600, 850), (550, 850)],0)
([(1250, 800), (1300, 800), (1300, 950), (1250, 950)],0)
([(1250, 150), (1300, 150), (1300, 300), (1250, 300)],0)
Units:
((400, 550), 0, 0, 1)
((1500, 550), 180, 18, 2)
Nodespacing: 50