Mapname:
lvl6.txt
Polygons:
([(550, 950), (1350, 950), (1350, 100), (550, 100)],0)
([(700, 250), (750, 250), (750, 300), (700, 300)],0)
([(800, 250), (850, 250), (850, 300), (800, 300)],0)
([(900, 250), (1200, 250), (1200, 300), (900, 300)],0)
([(1150, 750), (1200, 750), (1200, 800), (1150, 800)],0)
([(1050, 750), (1100, 750), (1100, 800), (1050, 800)],0)
([(1000, 750), (1000, 800), (700, 800), (700, 750)],0)
([(750, 250), (800, 250), (800, 300), (750, 300)],1)
([(850, 250), (900, 250), (900, 300), (850, 300)],1)
([(1000, 750), (1050, 750), (1050, 800), (1000, 800)],1)
([(1100, 750), (1150, 750), (1150, 800), (1100, 800)],1)
([(900, 300), (950, 300), (950, 550), (900, 550)],2)
([(950, 500), (1000, 500), (1000, 750), (950, 750)],2)
Units:
((600, 500), 0, 0, 1)
((1150, 350), 180, 2, 2)
((1150, 900), 270, 2, 2)
((1300, 800), 180, 3, 2)
((1300, 550), 180, 3, 2)
Nodespacing: 50