Mapname:
lvl8.txt
Polygons:
([(550, 950), (1350, 950), (1350, 100), (550, 100)],0)
([(650, 250), (700, 250), (700, 400), (650, 400)],1)
([(700, 350), (750, 350), (750, 450), (700, 450)],1)
([(700, 450), (750, 450), (750, 600), (700, 600)],0)
([(700, 600), (750, 600), (750, 700), (700, 700)],1)
([(650, 650), (700, 650), (700, 800), (650, 800)],1)
([(850, 250), (900, 250), (900, 300), (850, 300)],1)
([(1000, 250), (1050, 250), (1050, 300), (1000, 300)],1)
([(1200, 250), (1250, 250), (1250, 400), (1200, 400)],1)
([(1150, 350), (1200, 350), (1200, 450), (1150, 450)],1)
([(1150, 600), (1200, 600), (1200, 700), (1150, 700)],1)
([(1200, 650), (1250, 650), (1250, 800), (1200, 800)],1)
([(850, 750), (900, 750), (900, 800), (850, 800)],1)
([(1000, 750), (1050, 750), (1050, 800), (1000, 800)],1)
([(900, 250), (1000, 250), (1000, 300), (900, 300)],0)
([(900, 750), (1000, 750), (1000, 800), (900, 800)],0)
([(1150, 450), (1200, 450), (1200, 600), (1150, 600)],0)
Units:
((600, 500), 0, 0, 1)
((1100, 750), 270, 4, 2)
((1100, 350), 90, 4, 2)
((1300, 550), 180, 4, 2)
((1300, 200), 180, 3, 2)
((1300, 850), 180, 3, 2)
Nodespacing: 50