Mapname:
lvl9.txt
Polygons:
([(550, 950), (1350, 950), (1350, 100), (550, 100)],0)
([(550, 500), (750, 500), (750, 550), (550, 550)],0)
([(1150, 500), (1350, 500), (1350, 550), (1150, 550)],0)
([(950, 500), (1000, 500), (1000, 600), (950, 600)],1)
([(950, 600), (1000, 600), (1000, 700), (950, 700)],1)
([(900, 450), (950, 450), (950, 550), (900, 550)],1)
([(900, 350), (950, 350), (950, 450), (900, 450)],1)
([(900, 300), (1000, 300), (1000, 350), (900, 350)],0)
([(900, 700), (1000, 700), (1000, 750), (900, 750)],0)
Units:
((650, 700), 0, 0, 1)
((1150, 900), 270, 2, 2)
((800, 200), 90, 2, 2)
((1050, 450), 90, 2, 2)
((1250, 350), 180, 2, 2)
((650, 300), 0, 4, 2)
((1300, 800), 180, 4, 2)
Nodespacing: 50